{
 "cells": [
  {
   "cell_type": "code",
   "execution_count": null,
   "id": "f6b11cf8",
   "metadata": {},
   "outputs": [
    {
     "name": "stdout",
     "output_type": "stream",
     "text": [
      " 8x1 = 8\n",
      " 8x2 = 16\n",
      " 8x3 = 24\n",
      " 8x4 = 32\n",
      " 8x5 = 40\n",
      " 8x6 = 48\n",
      " 8x7 = 56\n",
      " 8x8 = 64\n",
      " 8x9 = 72\n",
      " 8x10 = 80\n",
      " 8x11 = 88\n",
      " 8x12 = 96\n",
      "\n"
     ]
    }
   ],
   "source": [
    "# --- Lab 3.1 Part 1: Single Number Multiplication Table ---\n",
    "n = int(input(\"Enter a number for its multiplication table (e.g., 7): \"))\n",
    "for i in range(1, 13):\n",
    "    print(f\" {n}x{i} = {i*n}\")\n",
    "print()  # spacer\n"
   ]
  },
  {
   "cell_type": "code",
   "execution_count": 3,
   "id": "9e8a3a03",
   "metadata": {},
   "outputs": [
    {
     "name": "stdout",
     "output_type": "stream",
     "text": [
      "12x12 Multiplication Table:\n",
      "   1   2   3   4   5   6   7   8   9  10  11  12\n",
      "   2   4   6   8  10  12  14  16  18  20  22  24\n",
      "   3   6   9  12  15  18  21  24  27  30  33  36\n",
      "   4   8  12  16  20  24  28  32  36  40  44  48\n",
      "   5  10  15  20  25  30  35  40  45  50  55  60\n",
      "   6  12  18  24  30  36  42  48  54  60  66  72\n",
      "   7  14  21  28  35  42  49  56  63  70  77  84\n",
      "   8  16  24  32  40  48  56  64  72  80  88  96\n",
      "   9  18  27  36  45  54  63  72  81  90  99 108\n",
      "  10  20  30  40  50  60  70  80  90 100 110 120\n",
      "  11  22  33  44  55  66  77  88  99 110 121 132\n",
      "  12  24  36  48  60  72  84  96 108 120 132 144\n",
      "\n"
     ]
    }
   ],
   "source": [
    "# --- Lab 3.1 Part 2: Full 12x12 Multiplication Grid ---\n",
    "print(\"12x12 Multiplication Table:\")\n",
    "for i in range(1,13): #เติมตัวแปรให้สมบูรณ์\n",
    "    for j in range(1, 13):\n",
    "        print(f\"{i*j:4}\", end=\"\")   # จัดช่องกว้าง 4 ตัวอักษร\n",
    "    print()   # ขึ้นบรรทัดใหม่เมื่อจบแต่ละแถว\n",
    "\n",
    "print()  # spacer"
   ]
  },
  {
   "cell_type": "markdown",
   "id": "2be7c360",
   "metadata": {},
   "source": [
    "## Week 3 Snapshot (5-Minute Lecture Script)"
   ]
  },
  {
   "cell_type": "markdown",
   "id": "44d6a750",
   "metadata": {},
   "source": [
    "ผลลัพธ์ที่ควรจะได้จากLab 3.1 part 2\n",
    "12x12 Multiplication Table:\n",
    "\n",
    "   1   2   3   4   5   6   7   8   9  10  11  12\n",
    "\n",
    "   2   4   6   8  10  12  14  16  18  20  22  24\n",
    "\n",
    "   3   6   9  12  15  18  21  24  27  30  33  36\n",
    "\n",
    "   4   8  12  16  20  24  28  32  36  40  44  48\n",
    "\n",
    "   5  10  15  20  25  30  35  40  45  50  55  60\n",
    "\n",
    "   6  12  18  24  30  36  42  48  54  60  66  72\n",
    "\n",
    "   7  14  21  28  35  42  49  56  63  70  77  84\n",
    "\n",
    "   8  16  24  32  40  48  56  64  72  80  88  96\n",
    "\n",
    "   9  18  27  36  45  54  63  72  81  90  99 108\n",
    "\n",
    "  10  20  30  40  50  60  70  80  90 100 110 120\n",
    "\n",
    "  11  22  33  44  55  66  77  88  99 110 121 132\n",
    "\n",
    "  12  24  36  48  60  72  84  96 108 120 132 144"
   ]
  },
  {
   "cell_type": "code",
   "execution_count": 15,
   "id": "f6f42ef5",
   "metadata": {},
   "outputs": [
    {
     "ename": "_IncompleteInputError",
     "evalue": "incomplete input (2541074742.py, line 4)",
     "output_type": "error",
     "traceback": [
      "  \u001b[36mCell\u001b[39m\u001b[36m \u001b[39m\u001b[32mIn[15]\u001b[39m\u001b[32m, line 4\u001b[39m\n\u001b[31m    \u001b[39m\u001b[31m#คำใบ้ print ออกมาในรูปแบบ Countdown: {start} และลดค่าของ start ลง 1\u001b[39m\n                                                                        ^\n\u001b[31m_IncompleteInputError\u001b[39m\u001b[31m:\u001b[39m incomplete input\n"
     ]
    }
   ],
   "source": [
    "# --- Lab 3.2 Part 1: Countdown Timer ---\n",
    "start = int(input(\"Enter starting number for countdown: \"))\n",
    "while start >= 0:\n",
    "    #คำใบ้ print ออกมาในรูปแบบ Countdown: {start} และลดค่าของ start ลง 1\n"
   ]
  },
  {
   "cell_type": "code",
   "execution_count": null,
   "id": "f75f6061",
   "metadata": {},
   "outputs": [
    {
     "name": "stdout",
     "output_type": "stream",
     "text": [
      "Congratulations! You guessed it!\n"
     ]
    }
   ],
   "source": [
    "# --- Lab 3.2 Part 2: Simple Guessing Game ---\n",
    "secret_number = 42\n",
    "\n",
    "while True:\n",
    "    guess = int(input(\"Guess the number: \"))\n",
    "   \n",
    "    if ___:  #เติมเงื่อนไขให้สมบูรณ์\n",
    "        print(f\"{guess} is too low! Try again.\")\n",
    "    elif ___:  #เติมเงื่อนไขให้สมบูรณ์\n",
    "        print(f\"{guess} is too high! Try again.\")\n",
    "    else:\n",
    "        print(\"Congratulations! You guessed it!\")\n",
    "        break"
   ]
  }
 ],
 "metadata": {
  "kernelspec": {
   "display_name": "SCriptProgramming",
   "language": "python",
   "name": "python3"
  },
  "language_info": {
   "codemirror_mode": {
    "name": "ipython",
    "version": 3
   },
   "file_extension": ".py",
   "mimetype": "text/x-python",
   "name": "python",
   "nbconvert_exporter": "python",
   "pygments_lexer": "ipython3",
   "version": "3.11.15"
  }
 },
 "nbformat": 4,
 "nbformat_minor": 5
}
